MathVersion = 1.3.2.0
Played Line = 1, LineBet = 12, Total Bet = 240
Total Round = 1000000000, Total Win = 230344044600, Total Free Game Round = 61925696

Total RTP = 95.977%, Base Game RTP = 57.077%, 
Free Game RTP = 38.900%, Bonus Game RTP = 0.000%
BG Hits = 28.745%, FG Hits = 40.635%, FG Freq = 129.187, BN Freq = ∞

C.V. = 8.0849
MaxSpinWin = 7308.2
EGS_BASE_GAME_1: 600.95; RNG = {40, 18, 35, 38, 25, 18 }
EGS_FREE_GAME_1: 7043.6; RNG = {55, 32, 16, 40, 49, 16 }


Hits 	           1 	           2 	           3 	           4 	           5 	           6 	           7 	           8 	           9 	          10 	          11 	          12 	          13 	          14 	          15 	          16 	          17 	          18 	          19 	          20 	          21 	          22 	          23 	          24 	          25 	          26 	          27 	          28 	          29 	          30 	          31 	          32 	          33 	          34 	          35 	          36 	
   W 	           0 	           0 	           0 	           0 	           0 	           0 	           0 	           0 	           0 	           0 	           0 	           0 	           0 	           0 	           0 	           0 	           0 	           0 	           0 	           0 	           0 	           0 	           0 	           0 	           0 	           0 	           0 	           0 	           0 	           0 	           0 	           0 	           0 	           0 	           0 	           0 	
  H1 	           0 	           0 	           0 	           0 	           0 	    31934643 	    12597991 	     5257860 	     2164794 	      859069 	      324909 	      131295 	       53996 	       18325 	        6013 	        1568 	         182 	           0 	           0 	           0 	           0 	           0 	           0 	           0 	           0 	           0 	           0 	           0 	           0 	           0 	           0 	           0 	           0 	           0 	           0 	           0 	
  H2 	           0 	           0 	           0 	           0 	           0 	    34624632 	    12634655 	     4917268 	     1738358 	      654443 	      244354 	       87846 	       30336 	        8257 	        1925 	         425 	           0 	           0 	           0 	           0 	           0 	           0 	           0 	           0 	           0 	           0 	           0 	           0 	           0 	           0 	           0 	           0 	           0 	           0 	           0 	           0 	
  H3 	           0 	           0 	           0 	           0 	           0 	    63679359 	    27003174 	    11328448 	     4548564 	     2133508 	      941769 	      436891 	      171003 	       57181 	       15173 	        1873 	           9 	           0 	           0 	           0 	           0 	           0 	           0 	           0 	           0 	           0 	           0 	           0 	           0 	           0 	           0 	           0 	           0 	           0 	           0 	           0 	
  H4 	           0 	           0 	           0 	           0 	           0 	    26341004 	     8384281 	     2414214 	      782894 	      283288 	      110465 	       41905 	       13124 	        3591 	         798 	         105 	           0 	           0 	           0 	           0 	           0 	           0 	           0 	           0 	           0 	           0 	           0 	           0 	           0 	           0 	           0 	           0 	           0 	           0 	           0 	           0 	
  H5 	           0 	           0 	           0 	           0 	           0 	    44913693 	    18647430 	     7112621 	     2318370 	      868849 	      342396 	      146687 	       60090 	       18342 	        4181 	         561 	           3 	           1 	           3 	           0 	           0 	           0 	           0 	           0 	           0 	           0 	           0 	           0 	           0 	           0 	           0 	           0 	           0 	           0 	           0 	           0 	
  H6 	           0 	           0 	           0 	           0 	           0 	    41431970 	    21485208 	     8911243 	     4064415 	     1683555 	      737676 	      294203 	      110403 	       38686 	       14606 	        5086 	        1277 	         309 	          56 	           9 	           5 	           0 	           0 	           0 	           0 	           0 	           0 	           0 	           0 	           0 	           0 	           0 	           0 	           0 	           0 	           0 	
  N1 	           0 	           0 	           0 	           0 	           0 	           0 	           0 	           0 	           0 	           0 	           0 	           0 	           0 	           0 	           0 	           0 	           0 	           0 	           0 	           0 	           0 	           0 	           0 	           0 	           0 	           0 	           0 	           0 	           0 	           0 	           0 	           0 	           0 	           0 	           0 	           0 	
  N2 	           0 	           0 	           0 	           0 	           0 	           0 	           0 	           0 	           0 	           0 	           0 	           0 	           0 	           0 	           0 	           0 	           0 	           0 	           0 	           0 	           0 	           0 	           0 	           0 	           0 	           0 	           0 	           0 	           0 	           0 	           0 	           0 	           0 	           0 	           0 	           0 	
  N3 	           0 	           0 	           0 	           0 	           0 	           0 	           0 	           0 	           0 	           0 	           0 	           0 	           0 	           0 	           0 	           0 	           0 	           0 	           0 	           0 	           0 	           0 	           0 	           0 	           0 	           0 	           0 	           0 	           0 	           0 	           0 	           0 	           0 	           0 	           0 	           0 	
  N4 	           0 	           0 	           0 	           0 	           0 	           0 	           0 	           0 	           0 	           0 	           0 	           0 	           0 	           0 	           0 	           0 	           0 	           0 	           0 	           0 	           0 	           0 	           0 	           0 	           0 	           0 	           0 	           0 	           0 	           0 	           0 	           0 	           0 	           0 	           0 	           0 	
  N5 	           0 	           0 	           0 	           0 	           0 	           0 	           0 	           0 	           0 	           0 	           0 	           0 	           0 	           0 	           0 	           0 	           0 	           0 	           0 	           0 	           0 	           0 	           0 	           0 	           0 	           0 	           0 	           0 	           0 	           0 	           0 	           0 	           0 	           0 	           0 	           0 	
  N6 	           0 	           0 	           0 	           0 	           0 	           0 	           0 	           0 	           0 	           0 	           0 	           0 	           0 	           0 	           0 	           0 	           0 	           0 	           0 	           0 	           0 	           0 	           0 	           0 	           0 	           0 	           0 	           0 	           0 	           0 	           0 	           0 	           0 	           0 	           0 	           0 	
   F 	     7740712 	           0 	           0 	           0 	           0 	           0 	           0 	           0 	           0 	           0 	           0 	           0 	           0 	           0 	           0 	           0 	           0 	           0 	           0 	           0 	           0 	           0 	           0 	           0 	           0 	           0 	           0 	           0 	           0 	           0 	           0 	           0 	           0 	           0 	           0 	           0 	
   B 	           0 	           0 	           0 	           0 	           0 	           0 	           0 	           0 	           0 	           0 	           0 	           0 	           0 	           0 	           0 	           0 	           0 	           0 	           0 	           0 	           0 	           0 	           0 	           0 	           0 	           0 	           0 	           0 	           0 	           0 	           0 	           0 	           0 	           0 	           0 	           0 	

Wins 	           1 	           2 	           3 	           4 	           5 	           6 	           7 	           8 	           9 	          10 	          11 	          12 	          13 	          14 	          15 	          16 	          17 	          18 	          19 	          20 	          21 	          22 	          23 	          24 	          25 	          26 	          27 	          28 	          29 	          30 	          31 	          32 	          33 	          34 	          35 	          36 	
   W 	           0 	           0 	           0 	           0 	           0 	           0 	           0 	           0 	           0 	           0 	           0 	           0 	           0 	           0 	           0 	           0 	           0 	           0 	           0 	           0 	           0 	           0 	           0 	           0 	           0 	           0 	           0 	           0 	           0 	           0 	           0 	           0 	           0 	           0 	           0 	           0 	
  H1 	           0 	           0 	           0 	           0 	           0 	 15328628640 	  7558794600 	  3785659200 	 10391011200 	  5154414000 	  2339344800 	  1575540000 	   971928000 	   659700000 	   360780000 	   188160000 	    21840000 	           0 	           0 	           0 	           0 	           0 	           0 	           0 	           0 	           0 	           0 	           0 	           0 	           0 	           0 	           0 	           0 	           0 	           0 	           0 	
  H2 	           0 	           0 	           0 	           0 	           0 	  8309911680 	  4548475800 	  2360288640 	  4172059200 	  3141326400 	  1466124000 	   632491200 	   364032000 	   148626000 	    46200000 	    25500000 	           0 	           0 	           0 	           0 	           0 	           0 	           0 	           0 	           0 	           0 	           0 	           0 	           0 	           0 	           0 	           0 	           0 	           0 	           0 	           0 	
  H3 	           0 	           0 	           0 	           0 	           0 	  7641523080 	  6480761760 	  4078241280 	  5458276800 	  5120419200 	  4520491200 	  2621346000 	  1231221600 	   686172000 	   273114000 	    44952000 	      216000 	           0 	           0 	           0 	           0 	           0 	           0 	           0 	           0 	           0 	           0 	           0 	           0 	           0 	           0 	           0 	           0 	           0 	           0 	           0 	
  H4 	           0 	           0 	           0 	           0 	           0 	  1580460240 	   804890976 	   579411360 	   751578240 	   509918400 	   397674000 	   201144000 	    78744000 	    25855200 	     6703200 	     1008000 	           0 	           0 	           0 	           0 	           0 	           0 	           0 	           0 	           0 	           0 	           0 	           0 	           0 	           0 	           0 	           0 	           0 	           0 	           0 	           0 	
  H5 	           0 	           0 	           0 	           0 	           0 	  2155857264 	  1342614960 	  1280271780 	  1112817600 	  1042618800 	   616312800 	   352048800 	   288432000 	    99046800 	    25086000 	     4039200 	       21600 	        7200 	       21600 	           0 	           0 	           0 	           0 	           0 	           0 	           0 	           0 	           0 	           0 	           0 	           0 	           0 	           0 	           0 	           0 	           0 	
  H6 	           0 	           0 	           0 	           0 	           0 	  1988734560 	  1546934976 	  1604023740 	  1950919200 	  2020266000 	  1327816800 	   706087200 	   529934400 	   208904400 	    87636000 	    36619200 	     9194400 	     2224800 	      403200 	       64800 	       36000 	           0 	           0 	           0 	           0 	           0 	           0 	           0 	           0 	           0 	           0 	           0 	           0 	           0 	           0 	           0 	
  N1 	           0 	           0 	           0 	           0 	           0 	           0 	           0 	           0 	           0 	           0 	           0 	           0 	           0 	           0 	           0 	           0 	           0 	           0 	           0 	           0 	           0 	           0 	           0 	           0 	           0 	           0 	           0 	           0 	           0 	           0 	           0 	           0 	           0 	           0 	           0 	           0 	
  N2 	           0 	           0 	           0 	           0 	           0 	           0 	           0 	           0 	           0 	           0 	           0 	           0 	           0 	           0 	           0 	           0 	           0 	           0 	           0 	           0 	           0 	           0 	           0 	           0 	           0 	           0 	           0 	           0 	           0 	           0 	           0 	           0 	           0 	           0 	           0 	           0 	
  N3 	           0 	           0 	           0 	           0 	           0 	           0 	           0 	           0 	           0 	           0 	           0 	           0 	           0 	           0 	           0 	           0 	           0 	           0 	           0 	           0 	           0 	           0 	           0 	           0 	           0 	           0 	           0 	           0 	           0 	           0 	           0 	           0 	           0 	           0 	           0 	           0 	
  N4 	           0 	           0 	           0 	           0 	           0 	           0 	           0 	           0 	           0 	           0 	           0 	           0 	           0 	           0 	           0 	           0 	           0 	           0 	           0 	           0 	           0 	           0 	           0 	           0 	           0 	           0 	           0 	           0 	           0 	           0 	           0 	           0 	           0 	           0 	           0 	           0 	
  N5 	           0 	           0 	           0 	           0 	           0 	           0 	           0 	           0 	           0 	           0 	           0 	           0 	           0 	           0 	           0 	           0 	           0 	           0 	           0 	           0 	           0 	           0 	           0 	           0 	           0 	           0 	           0 	           0 	           0 	           0 	           0 	           0 	           0 	           0 	           0 	           0 	
  N6 	           0 	           0 	           0 	           0 	           0 	           0 	           0 	           0 	           0 	           0 	           0 	           0 	           0 	           0 	           0 	           0 	           0 	           0 	           0 	           0 	           0 	           0 	           0 	           0 	           0 	           0 	           0 	           0 	           0 	           0 	           0 	           0 	           0 	           0 	           0 	           0 	
   F 	 93360090624 	           0 	           0 	           0 	           0 	           0 	           0 	           0 	           0 	           0 	           0 	           0 	           0 	           0 	           0 	           0 	           0 	           0 	           0 	           0 	           0 	           0 	           0 	           0 	           0 	           0 	           0 	           0 	           0 	           0 	           0 	           0 	           0 	           0 	           0 	           0 	
   B 	           0 	           0 	           0 	           0 	           0 	           0 	           0 	           0 	           0 	           0 	           0 	           0 	           0 	           0 	           0 	           0 	           0 	           0 	           0 	           0 	           0 	           0 	           0 	           0 	           0 	           0 	           0 	           0 	           0 	           0 	           0 	           0 	           0 	           0 	           0 	           0 	

Hits 	           1 	           2 	           3 	           4 	           5 	           6 	           7 	           8 	           9 	          10 	          11 	          12 	          13 	          14 	          15 	          16 	          17 	          18 	          19 	          20 	          21 	          22 	          23 	          24 	          25 	          26 	          27 	          28 	          29 	          30 	          31 	          32 	          33 	          34 	          35 	          36 	
   W 	           0 	           0 	           0 	           0 	           0 	           0 	           0 	           0 	           0 	           0 	           0 	           0 	           0 	           0 	           0 	           0 	           0 	           0 	           0 	           0 	           0 	           0 	           0 	           0 	           0 	           0 	           0 	           0 	           0 	           0 	           0 	           0 	           0 	           0 	           0 	           0 	
  H1 	           0 	           0 	           0 	           0 	           0 	     2816687 	      952961 	      363923 	      123391 	       25206 	        6709 	        2516 	         816 	         329 	         134 	          64 	          20 	           2 	           0 	           0 	           0 	           0 	           0 	           0 	           0 	           0 	           0 	           0 	           0 	           0 	           0 	           0 	           0 	           0 	           0 	           0 	
  H2 	           0 	           0 	           0 	           0 	           0 	     2666699 	      595595 	      188147 	       58340 	       15205 	        3634 	         967 	         401 	         220 	         106 	          29 	           2 	           0 	           0 	           0 	           0 	           0 	           0 	           0 	           0 	           0 	           0 	           0 	           0 	           0 	           0 	           0 	           0 	           0 	           0 	           0 	
  H3 	           0 	           0 	           0 	           0 	           0 	     3327123 	     1691710 	      888023 	      409135 	      189007 	       86047 	       34054 	       11962 	        3910 	        1222 	         250 	          25 	           0 	           0 	           0 	           0 	           0 	           0 	           0 	           0 	           0 	           0 	           0 	           0 	           0 	           0 	           0 	           0 	           0 	           0 	           0 	
  H4 	           0 	           0 	           0 	           0 	           0 	     2237484 	     1162118 	      451745 	      199267 	       90063 	       34735 	       12881 	        5178 	        1947 	         404 	          31 	           1 	           0 	           0 	           0 	           0 	           0 	           0 	           0 	           0 	           0 	           0 	           0 	           0 	           0 	           0 	           0 	           0 	           0 	           0 	           0 	
  H5 	           0 	           0 	           0 	           0 	           0 	     4757769 	     2678737 	     1496026 	      842974 	      455005 	      236765 	      115266 	       49853 	       18097 	        5078 	        1004 	          91 	           0 	           0 	           0 	           0 	           0 	           0 	           0 	           0 	           0 	           0 	           0 	           0 	           0 	           0 	           0 	           0 	           0 	           0 	           0 	
  H6 	           0 	           0 	           0 	           0 	           0 	     3815079 	     1933713 	      935954 	      456014 	      250994 	      132228 	       63487 	       26133 	        8027 	        1741 	         204 	           3 	           0 	           0 	           0 	           0 	           0 	           0 	           0 	           0 	           0 	           0 	           0 	           0 	           0 	           0 	           0 	           0 	           0 	           0 	           0 	
  N1 	           0 	           0 	           0 	           0 	           0 	           0 	           0 	           0 	           0 	           0 	           0 	           0 	           0 	           0 	           0 	           0 	           0 	           0 	           0 	           0 	           0 	           0 	           0 	           0 	           0 	           0 	           0 	           0 	           0 	           0 	           0 	           0 	           0 	           0 	           0 	           0 	
  N2 	           0 	           0 	           0 	           0 	           0 	           0 	           0 	           0 	           0 	           0 	           0 	           0 	           0 	           0 	           0 	           0 	           0 	           0 	           0 	           0 	           0 	           0 	           0 	           0 	           0 	           0 	           0 	           0 	           0 	           0 	           0 	           0 	           0 	           0 	           0 	           0 	
  N3 	           0 	           0 	           0 	           0 	           0 	           0 	           0 	           0 	           0 	           0 	           0 	           0 	           0 	           0 	           0 	           0 	           0 	           0 	           0 	           0 	           0 	           0 	           0 	           0 	           0 	           0 	           0 	           0 	           0 	           0 	           0 	           0 	           0 	           0 	           0 	           0 	
  N4 	           0 	           0 	           0 	           0 	           0 	           0 	           0 	           0 	           0 	           0 	           0 	           0 	           0 	           0 	           0 	           0 	           0 	           0 	           0 	           0 	           0 	           0 	           0 	           0 	           0 	           0 	           0 	           0 	           0 	           0 	           0 	           0 	           0 	           0 	           0 	           0 	
  N5 	           0 	           0 	           0 	           0 	           0 	           0 	           0 	           0 	           0 	           0 	           0 	           0 	           0 	           0 	           0 	           0 	           0 	           0 	           0 	           0 	           0 	           0 	           0 	           0 	           0 	           0 	           0 	           0 	           0 	           0 	           0 	           0 	           0 	           0 	           0 	           0 	
  N6 	           0 	           0 	           0 	           0 	           0 	           0 	           0 	           0 	           0 	           0 	           0 	           0 	           0 	           0 	           0 	           0 	           0 	           0 	           0 	           0 	           0 	           0 	           0 	           0 	           0 	           0 	           0 	           0 	           0 	           0 	           0 	           0 	           0 	           0 	           0 	           0 	
   F 	           0 	           0 	           0 	           0 	           0 	           0 	           0 	           0 	           0 	           0 	           0 	           0 	           0 	           0 	           0 	           0 	           0 	           0 	           0 	           0 	           0 	           0 	           0 	           0 	           0 	           0 	           0 	           0 	           0 	           0 	           0 	           0 	           0 	           0 	           0 	           0 	
   B 	           0 	           0 	           0 	           0 	           0 	           0 	           0 	           0 	           0 	           0 	           0 	           0 	           0 	           0 	           0 	           0 	           0 	           0 	           0 	           0 	           0 	           0 	           0 	           0 	           0 	           0 	           0 	           0 	           0 	           0 	           0 	           0 	           0 	           0 	           0 	           0 	

Wins 	           1 	           2 	           3 	           4 	           5 	           6 	           7 	           8 	           9 	          10 	          11 	          12 	          13 	          14 	          15 	          16 	          17 	          18 	          19 	          20 	          21 	          22 	          23 	          24 	          25 	          26 	          27 	          28 	          29 	          30 	          31 	          32 	          33 	          34 	          35 	          36 	
   W 	           0 	           0 	           0 	           0 	           0 	           0 	           0 	           0 	           0 	           0 	           0 	           0 	           0 	           0 	           0 	           0 	           0 	           0 	           0 	           0 	           0 	           0 	           0 	           0 	           0 	           0 	           0 	           0 	           0 	           0 	           0 	           0 	           0 	           0 	           0 	           0 	
  H1 	           0 	           0 	           0 	           0 	           0 	  8871949440 	  3726710400 	  1682500320 	  3817680000 	  1060284000 	   355896000 	   220824000 	   102816000 	    77400000 	    51480000 	    46320000 	    14400000 	     1440000 	           0 	           0 	           0 	           0 	           0 	           0 	           0 	           0 	           0 	           0 	           0 	           0 	           0 	           0 	           0 	           0 	           0 	           0 	
  H2 	           0 	           0 	           0 	           0 	           0 	  4019616960 	  1385084160 	   600982080 	   954340800 	   513283200 	   160296000 	    48960000 	    34896000 	    26280000 	    15552000 	    10920000 	     1200000 	           0 	           0 	           0 	           0 	           0 	           0 	           0 	           0 	           0 	           0 	           0 	           0 	           0 	           0 	           0 	           0 	           0 	           0 	           0 	
  H3 	           0 	           0 	           0 	           0 	           0 	  2533604640 	  2586577920 	  2021749200 	  3068796000 	  2842771200 	  2570966400 	  1269612000 	   534456000 	   293880000 	   140832000 	    38784000 	     4368000 	           0 	           0 	           0 	           0 	           0 	           0 	           0 	           0 	           0 	           0 	           0 	           0 	           0 	           0 	           0 	           0 	           0 	           0 	           0 	
  H4 	           0 	           0 	           0 	           0 	           0 	   890775720 	   739618560 	   723313920 	  1261217280 	  1068645600 	   831787200 	   412406400 	   204252000 	    92563200 	    22495200 	     2208000 	       76800 	           0 	           0 	           0 	           0 	           0 	           0 	           0 	           0 	           0 	           0 	           0 	           0 	           0 	           0 	           0 	           0 	           0 	           0 	           0 	
  H5 	           0 	           0 	           0 	           0 	           0 	  1446801024 	  1211920992 	  1686881520 	  2528966400 	  3378720000 	  2597968800 	  1664299200 	  1416393600 	   573339600 	   176916000 	    41414400 	     4075200 	           0 	           0 	           0 	           0 	           0 	           0 	           0 	           0 	           0 	           0 	           0 	           0 	           0 	           0 	           0 	           0 	           0 	           0 	           0 	
  H6 	           0 	           0 	           0 	           0 	           0 	  1151664192 	   865121616 	  1047253320 	  1367805120 	  1870696800 	  1472904000 	   935616000 	   764956800 	   265388400 	    62952000 	     8784000 	      216000 	           0 	           0 	           0 	           0 	           0 	           0 	           0 	           0 	           0 	           0 	           0 	           0 	           0 	           0 	           0 	           0 	           0 	           0 	           0 	
  N1 	           0 	           0 	           0 	           0 	           0 	           0 	           0 	           0 	           0 	           0 	           0 	           0 	           0 	           0 	           0 	           0 	           0 	           0 	           0 	           0 	           0 	           0 	           0 	           0 	           0 	           0 	           0 	           0 	           0 	           0 	           0 	           0 	           0 	           0 	           0 	           0 	
  N2 	           0 	           0 	           0 	           0 	           0 	           0 	           0 	           0 	           0 	           0 	           0 	           0 	           0 	           0 	           0 	           0 	           0 	           0 	           0 	           0 	           0 	           0 	           0 	           0 	           0 	           0 	           0 	           0 	           0 	           0 	           0 	           0 	           0 	           0 	           0 	           0 	
  N3 	           0 	           0 	           0 	           0 	           0 	           0 	           0 	           0 	           0 	           0 	           0 	           0 	           0 	           0 	           0 	           0 	           0 	           0 	           0 	           0 	           0 	           0 	           0 	           0 	           0 	           0 	           0 	           0 	           0 	           0 	           0 	           0 	           0 	           0 	           0 	           0 	
  N4 	           0 	           0 	           0 	           0 	           0 	           0 	           0 	           0 	           0 	           0 	           0 	           0 	           0 	           0 	           0 	           0 	           0 	           0 	           0 	           0 	           0 	           0 	           0 	           0 	           0 	           0 	           0 	           0 	           0 	           0 	           0 	           0 	           0 	           0 	           0 	           0 	
  N5 	           0 	           0 	           0 	           0 	           0 	           0 	           0 	           0 	           0 	           0 	           0 	           0 	           0 	           0 	           0 	           0 	           0 	           0 	           0 	           0 	           0 	           0 	           0 	           0 	           0 	           0 	           0 	           0 	           0 	           0 	           0 	           0 	           0 	           0 	           0 	           0 	
  N6 	           0 	           0 	           0 	           0 	           0 	           0 	           0 	           0 	           0 	           0 	           0 	           0 	           0 	           0 	           0 	           0 	           0 	           0 	           0 	           0 	           0 	           0 	           0 	           0 	           0 	           0 	           0 	           0 	           0 	           0 	           0 	           0 	           0 	           0 	           0 	           0 	
   F 	           0 	           0 	           0 	           0 	           0 	           0 	           0 	           0 	           0 	           0 	           0 	           0 	           0 	           0 	           0 	           0 	           0 	           0 	           0 	           0 	           0 	           0 	           0 	           0 	           0 	           0 	           0 	           0 	           0 	           0 	           0 	           0 	           0 	           0 	           0 	           0 	
   B 	           0 	           0 	           0 	           0 	           0 	           0 	           0 	           0 	           0 	           0 	           0 	           0 	           0 	           0 	           0 	           0 	           0 	           0 	           0 	           0 	           0 	           0 	           0 	           0 	           0 	           0 	           0 	           0 	           0 	           0 	           0 	           0 	           0 	           0 	           0 	           0 	

Pay  	   1 	   2 	   3 	   4 	   5 	   6 	   7 	   8 	   9 	  10 	  11 	  12 	  13 	  14 	  15 	  16 	  17 	  18 	  19 	  20 	  21 	  22 	  23 	  24 	  25 	  26 	  27 	  28 	  29 	  30 	  31 	  32 	  33 	  34 	  35 	  36 	
   W 	   0 	   0 	   0 	   0 	   0 	
  H1 	   0 	   0 	   0 	   0 	   0 	  40 	  50 	  60 	 400 	 500 	 600 	1000 	1500 	3000 	5000 	10000 	
  H2 	   0 	   0 	   0 	   0 	   0 	  20 	  30 	  40 	 200 	 400 	 500 	 600 	1000 	1500 	2000 	5000 	
  H3 	   0 	   0 	   0 	   0 	   0 	  10 	  20 	  30 	 100 	 200 	 400 	 500 	 600 	1000 	1500 	2000 	
  H4 	   0 	   0 	   0 	   0 	   0 	   5 	   8 	  20 	  80 	 150 	 300 	 400 	 500 	 600 	 700 	 800 	
  H5 	   0 	   0 	   0 	   0 	   0 	   4 	   6 	  15 	  40 	 100 	 150 	 200 	 400 	 450 	 500 	 600 	
  H6 	   0 	   0 	   0 	   0 	   0 	   4 	   6 	  15 	  40 	 100 	 150 	 200 	 400 	 450 	 500 	 600 	
  N1 	   0 	   0 	   0 	   0 	   0 	
  N2 	   0 	   0 	   0 	   0 	   0 	
  N3 	   0 	   0 	   0 	   0 	   0 	
  N4 	   0 	   0 	   0 	   0 	   0 	
  N5 	   0 	   0 	   0 	   0 	   0 	
  N6 	   0 	   0 	   0 	   0 	   0 	
   F 	   8 	   0 	   0 	   0 	   0 	
   B 	   0 	   0 	   0 	   0 	   0 	

Round 	     1 	     2 	     3 	     4 	     5 	     6 	     7 	     8 	     9 	    10 	    11 	    12 	    13 	    14 	    15 	    16 	    17 	    18 	    19 	    20 	    21 	    22 	    23 	    24 	    25 	    26 	    27 	    28 	    29 	    30 	    31 	    32 	    33 	    34 	    35 	    36 	
    F 	     8 	   非數值 	   非數值 	   非數值 	   非數值 	   非數值 	     0 	     0 	     0 	     0 	     0 	     0 	     0 	     0 	     0 	     0 	     0 	     0 	     0 	     0 	     0 	     0 	     0 	     0 	     0 	     0 	     0 	     0 	     0 	     0 	     0 	     0 	     0 	     0 	     0 	     0 	

Overall Game Distribution (X):
             0  	 71.2554281%
   0<= ~ <   1  	 13.0472518%
   1<= ~ <   2  	    6.58088%
   2<= ~ <   3  	  4.4614773%
   3<= ~ <   4  	  1.3887932%
   4<= ~ <   5  	  0.4427212%
   5<= ~ <   6  	  0.5867375%
   6<= ~ <   7  	  0.1144845%
   7<= ~ <   8  	  0.1546207%
   8<= ~ <   9  	  0.0903707%
   9<= ~ <  10  	  0.0535234%
  10<= ~ <  15  	  0.5429017%
  15<= ~ <  20  	  0.1173449%
  20<= ~ <  25  	  0.4531972%
  25<= ~ <  30  	  0.2196896%
  30<= ~ <  35  	  0.1146501%
  35<= ~ <  40  	  0.0436612%
  40<= ~ <  45  	  0.0372756%
  45<= ~ <  50  	  0.0299286%
  50<= ~ <  60  	  0.0692803%
  60<= ~ <  70  	  0.0337205%
  70<= ~ <  80  	  0.0337342%
  80<= ~ <  90  	  0.0196347%
  90<= ~ < 100  	  0.0168551%
 100<= ~ < 150  	  0.0452978%
 150<= ~ < 200  	  0.0209392%
 200<= ~ < 250  	  0.0098667%
 250<= ~ < 300  	  0.0061991%
 300<= ~ < 350  	  0.0033846%
 350<= ~ < 400  	  0.0019723%
 400<= ~ < 450  	   0.001282%
 450<= ~ < 500  	  0.0008215%
 500<= ~ < 600  	  0.0010778%
 600<= ~ < 700  	  0.0004438%
 700<= ~ < 800  	   0.000212%
 800<= ~ < 900  	   0.000118%
 900<= ~ <1000  	    7.9E-05%
1000<= ~ <1500  	  0.0001059%
1500<= ~ <2000  	   2.01E-05%
2000<= ~ <2500  	    6.7E-06%
2500<= ~ <3000  	    2.7E-06%
3000<= ~ <4000  	      5E-06%
4000<= ~ <5000  	    1.8E-06%
5000<= ~ <10000  	    1.9E-06%
>=10000          	          0%

EGS_BASE_GAME_1:
    1 	    2 	    3 	    4 	    5 	    6 	    7 	    8 	    9 	   10 	   11 	   12 	   13 	   14 	   15 	   16 	   17 	   18 	   19 	   20 	   21 	   22 	   23 	   24 	   25 	   26 	   27 	   28 	   29 	   30 	   31 	   32 	   33 	   34 	   35 	   36 	   37 	   38 	   39 	   40 	   41 	   42 	   43 	   44 	   45 	   46 	   47 	   48 	   49 	   50 	
   H4 	   H1 	   H2 	   H6 	   H5 	   H3 	   H4 	   H2 	   H6 	   H5 	   H5 	   H5 	   H4 	   H4 	   H4 	   H3 	   H3 	   H6 	   H6 	   H6 	   H1 	   H1 	   H5 	   H5 	   H3 	   H3 	   H2 	   H2 	   H2 	   H5 	   H5 	   H4 	   H2 	   H6 	   H5 	   H5 	   H5 	   H3 	   H3 	   H3 	   H6 	   H1 	   H1 	   H1 	   H2 	   H6 	   H4 	   H5 	   H3 	   H5 	
   H1 	   H2 	   H6 	   H5 	   H3 	   H4 	    W 	   H6 	   H2 	   H4 	   H5 	   H5 	   H5 	   H3 	   H3 	   H3 	   H4 	   H4 	   H4 	   H1 	   H1 	   H1 	   H6 	   H2 	   H4 	   H1 	   H1 	   H2 	   H3 	   H3 	   H3 	   H6 	   H6 	   H6 	   H2 	   H2 	   H2 	   H6 	   H3 	   H5 	   H3 	    W 	   H1 	   H5 	   H4 	   H1 	   H6 	   H1 	   H3 	   H3 	
   H2 	   H6 	   H5 	   H3 	   H4 	   H1 	   H2 	   H6 	   H6 	   H4 	   H3 	   H2 	   H2 	   H1 	   H1 	   H1 	   H6 	   H5 	   H5 	   H4 	   H4 	   H3 	   H6 	   H5 	   H6 	   H6 	   H2 	   H6 	   H5 	   H5 	   H2 	   H6 	   H3 	   H3 	   H6 	   H5 	   H1 	   H1 	   H4 	   H2 	   H2 	   H6 	   H6 	   H4 	   H3 	   H3 	   H5 	   H6 	   H2 	   H5 	
   H6 	   H5 	   H3 	   H4 	   H1 	   H2 	   H6 	   H4 	   H2 	   H6 	   H1 	   H6 	   H2 	   H5 	   H3 	   H3 	   H5 	   H6 	   H6 	   H2 	   H2 	   H1 	   H1 	   H4 	   H4 	   H3 	   H3 	   H5 	   H5 	   H1 	   H4 	   H6 	   H2 	   H6 	   H2 	   H5 	   H3 	   H3 	   H1 	   H4 	   H1 	   H5 	   H3 	   H5 	   H2 	   H4 	   H2 	   H3 	   H6 	   H1 	
   H5 	   H3 	   H4 	    W 	   H2 	   H6 	   H5 	   H3 	   H3 	   H2 	   H6 	   H6 	   H6 	   H5 	   H5 	   H5 	   H6 	   H2 	   H6 	   H4 	   H3 	   H3 	   H3 	   H5 	   H2 	   H1 	   H1 	   H1 	   H5 	   H3 	   H2 	   H2 	   H2 	   H4 	   H4 	   H4 	   H6 	   H5 	   H2 	    W 	   H3 	   H1 	   H3 	   H4 	   H1 	   H6 	   H2 	   H5 	   H4 	   H2 	
   H3 	   H4 	   H1 	   H2 	   H6 	   H5 	   H3 	   H4 	   H4 	   H6 	   H6 	   H6 	   H5 	   H5 	   H5 	   H3 	   H3 	   H3 	   H1 	   H1 	   H1 	   H4 	   H5 	   H3 	   H5 	   H3 	   H5 	   H3 	   H2 	   H4 	   H4 	   H4 	   H1 	   H1 	   H2 	   H2 	   H2 	   H3 	   H5 	   H3 	   H4 	   H2 	   H6 	   H4 	   H2 	   H6 	   H3 	   H3 	   H5 	   H5 	

Base Game Distribution (X):
             0  	 72.0294993%
   0<= ~ <   1  	 13.0472518%
   1<= ~ <   2  	    6.58088%
   2<= ~ <   3  	  4.4614773%
   3<= ~ <   4  	  1.3887932%
   4<= ~ <   5  	  0.4427212%
   5<= ~ <   6  	  0.5867375%
   6<= ~ <   7  	  0.1144845%
   7<= ~ <   8  	  0.1546207%
   8<= ~ <   9  	  0.0573175%
   9<= ~ <  10  	  0.0274526%
  10<= ~ <  15  	  0.4307539%
  15<= ~ <  20  	   0.027391%
  20<= ~ <  25  	  0.3806731%
  25<= ~ <  30  	  0.1604611%
  30<= ~ <  35  	  0.0656897%
  35<= ~ <  40  	  0.0047676%
  40<= ~ <  45  	  0.0030336%
  45<= ~ <  50  	  0.0017357%
  50<= ~ <  60  	  0.0224282%
  60<= ~ <  70  	  0.0005156%
  70<= ~ <  80  	  0.0075225%
  80<= ~ <  90  	  0.0005146%
  90<= ~ < 100  	  0.0001109%
 100<= ~ < 150  	  0.0005106%
 150<= ~ < 200  	  0.0018267%
 200<= ~ < 250  	    9.7E-06%
 250<= ~ < 300  	  0.0006372%
 300<= ~ < 350  	      6E-06%
 350<= ~ < 400  	    1.7E-06%
 400<= ~ < 450  	          0%
 450<= ~ < 500  	          0%
 500<= ~ < 600  	  0.0001748%
 600<= ~ < 700  	      2E-07%
 700<= ~ < 800  	          0%
 800<= ~ < 900  	          0%
 900<= ~ <1000  	          0%
1000<= ~ <1500  	          0%
1500<= ~ <2000  	          0%
2000<= ~ <2500  	          0%
2500<= ~ <3000  	          0%
3000<= ~ <4000  	          0%
4000<= ~ <5000  	          0%
5000<= ~ <10000  	          0%
>=10000          	          0%

EGS_FREE_GAME_1:
    1 	    2 	    3 	    4 	    5 	    6 	    7 	    8 	    9 	   10 	   11 	   12 	   13 	   14 	   15 	   16 	   17 	   18 	   19 	   20 	   21 	   22 	   23 	   24 	   25 	   26 	   27 	   28 	   29 	   30 	   31 	   32 	   33 	   34 	   35 	   36 	   37 	   38 	   39 	   40 	   41 	   42 	   43 	   44 	   45 	   46 	   47 	   48 	   49 	   50 	   51 	   52 	   53 	   54 	   55 	   56 	   57 	   58 	   59 	   60 	
   H4 	   H4 	   H4 	   H1 	   H2 	   H2 	   H5 	   H6 	   H1 	   H4 	   H3 	   H3 	   H3 	   H6 	   H1 	   H5 	   H3 	   H4 	   H4 	   H2 	   H1 	   H2 	   H3 	   H3 	   H6 	   H4 	   H4 	   H4 	   H6 	   H2 	   H2 	   H1 	   H5 	   H3 	   H3 	   H3 	   H5 	   H4 	   H4 	   H1 	   H2 	   H2 	   H2 	   H2 	   H2 	   H3 	   H3 	   H4 	   H4 	   H4 	   H6 	   H5 	   H3 	   H3 	   H1 	   H1 	   H1 	   H1 	   H1 	   H2 	
   H5 	   H5 	   H5 	   H2 	   H6 	   H6 	   H6 	   H1 	   H1 	    W 	   H3 	   H3 	   H4 	   H5 	   H5 	   H2 	   H1 	   H3 	   H4 	   H6 	   H6 	   H6 	   H4 	   H5 	   H5 	   H3 	   H3 	   H4 	   H1 	   H6 	   H6 	   H2 	   H5 	   H4 	   H4 	   H6 	   H3 	   H3 	   H5 	   H5 	   H6 	   H6 	   H6 	   H6 	   H1 	   H2 	   H5 	   H4 	   H3 	   H6 	   H6 	   H3 	   H4 	   H1 	   H5 	   H5 	   H5 	   H5 	   H2 	   H6 	
   H3 	   H3 	   H3 	   H1 	   H5 	   H5 	   H2 	   H6 	   H6 	   H6 	   H1 	   H2 	   H4 	   H4 	   H1 	   H5 	   H5 	   H5 	   H2 	   H1 	   H3 	   H3 	   H3 	   H2 	   H1 	   H4 	   H4 	   H4 	   H2 	   H5 	   H5 	   H1 	   H2 	   H3 	   H3 	   H3 	   H1 	   H6 	   H6 	   H5 	   H2 	   H2 	   H1 	   H3 	   H4 	   H5 	   H6 	   H3 	   H4 	   H5 	   H6 	   H2 	   H1 	   H2 	   H1 	   H3 	   H4 	   H5 	   H6 	   H1 	
   H5 	   H5 	   H5 	   H1 	   H3 	   H3 	   H2 	   H1 	   H4 	   H4 	   H2 	   H1 	   H6 	   H6 	   H6 	   H2 	   H2 	   H3 	   H4 	   H1 	   H5 	   H5 	   H4 	   H4 	   H2 	   H3 	   H3 	   H3 	   H1 	   H6 	   H6 	   H1 	   H2 	   H4 	   H4 	   H4 	   H2 	   H5 	   H5 	   H1 	   H6 	   H6 	   H6 	   H2 	   H3 	   H3 	   H1 	   H6 	   H4 	   H4 	   H5 	   H6 	   H6 	   H1 	   H5 	   H5 	   H5 	   H2 	   H3 	   H5 	
   H6 	   H6 	   H1 	   H3 	   H5 	   H5 	   H5 	   H6 	   H6 	   H6 	   H6 	   H2 	   H4 	   H1 	   H3 	   H5 	   H5 	   H5 	   H5 	   H2 	   H4 	   H1 	   H6 	   H6 	   H3 	   H4 	   H4 	   H2 	   H3 	   H1 	   H5 	   H5 	   H4 	   H3 	   H3 	   H2 	   H6 	   H6 	   H3 	   H1 	   H2 	    W 	   H4 	   H3 	   H5 	   H5 	   H5 	   H2 	   H4 	   H3 	   H6 	   H6 	   H6 	   H5 	   H1 	   H1 	   H2 	   H5 	   H3 	   H4 	
   H1 	   H1 	   H3 	   H3 	   H4 	   H4 	   H4 	   H1 	   H1 	   H1 	   H1 	   H1 	   H6 	   H5 	   H3 	   H2 	   H2 	   H2 	   H2 	   H2 	   H4 	   H4 	   H1 	   H6 	   H5 	   H3 	   H3 	   H3 	   H1 	   H2 	   H6 	   H5 	   H3 	   H4 	   H4 	   H4 	   H1 	   H3 	   H5 	   H2 	   H6 	   H4 	   H4 	   H1 	   H6 	   H3 	   H5 	   H2 	   H4 	   H6 	   H1 	   H2 	   H3 	   H4 	   H5 	   H6 	   H2 	   H3 	   H1 	   H4 	

Free Game Distribution (X):
             0  	          0%
   0<= ~ <   1  	          0%
   1<= ~ <   2  	          0%
   2<= ~ <   3  	          0%
   3<= ~ <   4  	          0%
   4<= ~ <   5  	          0%
   5<= ~ <   6  	          0%
   6<= ~ <   7  	          0%
   7<= ~ <   8  	          0%
   8<= ~ <   9  	  4.2700465%
   9<= ~ <  10  	  3.3680106%
  10<= ~ <  15  	 14.4880471%
  15<= ~ <  20  	 11.6208819%
  20<= ~ <  25  	  9.3691769%
  25<= ~ <  30  	  7.6515571%
  30<= ~ <  35  	  6.3250512%
  35<= ~ <  40  	  5.0245507%
  40<= ~ <  45  	  4.4236241%
  45<= ~ <  50  	  3.6421585%
  50<= ~ <  60  	  6.0526861%
  60<= ~ <  70  	  4.2896442%
  70<= ~ <  80  	  3.3862131%
  80<= ~ <  90  	  2.4700699%
  90<= ~ < 100  	  2.1631343%
 100<= ~ < 150  	  5.7859277%
 150<= ~ < 200  	  2.4690881%
 200<= ~ < 250  	  1.2733971%
 250<= ~ < 300  	  0.7185256%
 300<= ~ < 350  	  0.4364715%
 350<= ~ < 400  	  0.2545761%
 400<= ~ < 450  	  0.1656178%
 450<= ~ < 500  	  0.1061272%
 500<= ~ < 600  	  0.1166559%
 600<= ~ < 700  	  0.0573074%
 700<= ~ < 800  	  0.0273877%
 800<= ~ < 900  	  0.0152441%
 900<= ~ <1000  	  0.0102058%
1000<= ~ <1500  	  0.0136809%
1500<= ~ <2000  	  0.0025967%
2000<= ~ <2500  	  0.0008656%
2500<= ~ <3000  	  0.0003488%
3000<= ~ <4000  	  0.0006459%
4000<= ~ <5000  	  0.0002325%
5000<= ~ <10000  	  0.0002455%
>=10000          	          0%

EGS_BASE_GAME_1,0,1,2,3,4,5,6,7,8,9,10,11,12,13,14,
Spins,1000000000,279705007,70114178,20142005,4971489,1272011,280948,62635,15174,3147,583,113,28,6,1,
H1,0,0,0,0,0,0,0,0,0,0,0,0,0,0,0,
H2,0,0,0,0,0,0,0,0,0,0,0,0,0,0,0,
H3,0,0,0,0,0,0,0,0,0,0,0,0,0,0,0,
H4,0,0,0,0,0,0,0,0,0,0,0,0,0,0,0,
H5,0,0,0,0,0,0,0,0,0,0,0,0,0,0,0,
H6,0,0,0,0,0,0,0,0,0,0,0,0,0,0,0,

H1,0,0,0,0,0,0,0,0,0,0,0,0,0,0,0,
H2,0,0,0,0,0,0,0,0,0,0,0,0,0,0,0,
H3,0,0,0,0,0,0,0,0,0,0,0,0,0,0,0,
H4,0,0,0,0,0,0,0,0,0,0,0,0,0,0,0,
H5,0,0,0,0,0,0,0,0,0,0,0,0,0,0,0,
H6,0,0,0,0,0,0,0,0,0,0,0,0,0,0,0,

H1,0,0,0,0,0,0,0,0,0,0,0,0,0,0,0,
H2,0,0,0,0,0,0,0,0,0,0,0,0,0,0,0,
H3,0,0,0,0,0,0,0,0,0,0,0,0,0,0,0,
H4,0,0,0,0,0,0,0,0,0,0,0,0,0,0,0,
H5,0,0,0,0,0,0,0,0,0,0,0,0,0,0,0,
H6,0,0,0,0,0,0,0,0,0,0,0,0,0,0,0,

H1,0,0,0,0,0,0,0,0,0,0,0,0,0,0,0,
H2,0,0,0,0,0,0,0,0,0,0,0,0,0,0,0,
H3,0,0,0,0,0,0,0,0,0,0,0,0,0,0,0,
H4,0,0,0,0,0,0,0,0,0,0,0,0,0,0,0,
H5,0,0,0,0,0,0,0,0,0,0,0,0,0,0,0,
H6,0,0,0,0,0,0,0,0,0,0,0,0,0,0,0,

H1,0,0,0,0,0,0,0,0,0,0,0,0,0,0,0,
H2,0,0,0,0,0,0,0,0,0,0,0,0,0,0,0,
H3,0,0,0,0,0,0,0,0,0,0,0,0,0,0,0,
H4,0,0,0,0,0,0,0,0,0,0,0,0,0,0,0,
H5,0,0,0,0,0,0,0,0,0,0,0,0,0,0,0,
H6,0,0,0,0,0,0,0,0,0,0,0,0,0,0,0,

H1,0,0,0,0,0,0,0,0,0,0,0,0,0,0,0,
H2,0,0,0,0,0,0,0,0,0,0,0,0,0,0,0,
H3,0,0,0,0,0,0,0,0,0,0,0,0,0,0,0,
H4,0,0,0,0,0,0,0,0,0,0,0,0,0,0,0,
H5,0,0,0,0,0,0,0,0,0,0,0,0,0,0,0,
H6,0,0,0,0,0,0,0,0,0,0,0,0,0,0,0,

H1,0,0,0,0,0,0,0,0,0,0,0,0,0,0,0,
H2,0,0,0,0,0,0,0,0,0,0,0,0,0,0,0,
H3,0,0,0,0,0,0,0,0,0,0,0,0,0,0,0,
H4,0,0,0,0,0,0,0,0,0,0,0,0,0,0,0,
H5,0,0,0,0,0,0,0,0,0,0,0,0,0,0,0,
H6,0,0,0,0,0,0,0,0,0,0,0,0,0,0,0,

H1,0,0,0,0,0,0,0,0,0,0,0,0,0,0,0,
H2,0,0,0,0,0,0,0,0,0,0,0,0,0,0,0,
H3,0,0,0,0,0,0,0,0,0,0,0,0,0,0,0,
H4,0,0,0,0,0,0,0,0,0,0,0,0,0,0,0,
H5,0,0,0,0,0,0,0,0,0,0,0,0,0,0,0,
H6,0,0,0,0,0,0,0,0,0,0,0,0,0,0,0,

H1,0,0,0,0,0,0,0,0,0,0,0,0,0,0,0,
H2,0,0,0,0,0,0,0,0,0,0,0,0,0,0,0,
H3,0,0,0,0,0,0,0,0,0,0,0,0,0,0,0,
H4,0,0,0,0,0,0,0,0,0,0,0,0,0,0,0,
H5,0,0,0,0,0,0,0,0,0,0,0,0,0,0,0,
H6,0,0,0,0,0,0,0,0,0,0,0,0,0,0,0,

H1,0,0,0,0,0,0,0,0,0,0,0,0,0,0,0,
H2,0,0,0,0,0,0,0,0,0,0,0,0,0,0,0,
H3,0,0,0,0,0,0,0,0,0,0,0,0,0,0,0,
H4,0,0,0,0,0,0,0,0,0,0,0,0,0,0,0,
H5,0,0,0,0,0,0,0,0,0,0,0,0,0,0,0,
H6,0,0,0,0,0,0,0,0,0,0,0,0,0,0,0,

H1,0,0,0,0,0,0,0,0,0,0,0,0,0,0,0,
H2,0,0,0,0,0,0,0,0,0,0,0,0,0,0,0,
H3,0,0,0,0,0,0,0,0,0,0,0,0,0,0,0,
H4,0,0,0,0,0,0,0,0,0,0,0,0,0,0,0,
H5,0,0,0,0,0,0,0,0,0,0,0,0,0,0,0,
H6,0,0,0,0,0,0,0,0,0,0,0,0,0,0,0,

H1,0,0,0,0,0,0,0,0,0,0,0,0,0,0,0,
H2,0,0,0,0,0,0,0,0,0,0,0,0,0,0,0,
H3,0,0,0,0,0,0,0,0,0,0,0,0,0,0,0,
H4,0,0,0,0,0,0,0,0,0,0,0,0,0,0,0,
H5,0,0,0,0,0,0,0,0,0,0,0,0,0,0,0,
H6,0,0,0,0,0,0,0,0,0,0,0,0,0,0,0,

H1,0,0,0,0,0,0,0,0,0,0,0,0,0,0,0,
H2,0,0,0,0,0,0,0,0,0,0,0,0,0,0,0,
H3,0,0,0,0,0,0,0,0,0,0,0,0,0,0,0,
H4,0,0,0,0,0,0,0,0,0,0,0,0,0,0,0,
H5,0,0,0,0,0,0,0,0,0,0,0,0,0,0,0,
H6,0,0,0,0,0,0,0,0,0,0,0,0,0,0,0,

H1,0,0,0,0,0,0,0,0,0,0,0,0,0,0,0,
H2,0,0,0,0,0,0,0,0,0,0,0,0,0,0,0,
H3,0,0,0,0,0,0,0,0,0,0,0,0,0,0,0,
H4,0,0,0,0,0,0,0,0,0,0,0,0,0,0,0,
H5,0,0,0,0,0,0,0,0,0,0,0,0,0,0,0,
H6,0,0,0,0,0,0,0,0,0,0,0,0,0,0,0,

H1,0,0,0,0,0,0,0,0,0,0,0,0,0,0,0,
H2,0,0,0,0,0,0,0,0,0,0,0,0,0,0,0,
H3,0,0,0,0,0,0,0,0,0,0,0,0,0,0,0,
H4,0,0,0,0,0,0,0,0,0,0,0,0,0,0,0,
H5,0,0,0,0,0,0,0,0,0,0,0,0,0,0,0,
H6,0,0,0,0,0,0,0,0,0,0,0,0,0,0,0,

H1,0,0,0,0,0,0,0,0,0,0,0,0,0,0,0,
H2,0,0,0,0,0,0,0,0,0,0,0,0,0,0,0,
H3,0,0,0,0,0,0,0,0,0,0,0,0,0,0,0,
H4,0,0,0,0,0,0,0,0,0,0,0,0,0,0,0,
H5,0,0,0,0,0,0,0,0,0,0,0,0,0,0,0,
H6,0,0,0,5,0,0,0,0,0,0,0,0,0,0,0,

H1,0,0,0,0,0,0,0,0,0,0,0,0,0,0,0,
H2,0,0,0,0,0,0,0,0,0,0,0,0,0,0,0,
H3,0,0,0,0,0,0,0,0,0,0,0,0,0,0,0,
H4,0,0,0,0,0,0,0,0,0,0,0,0,0,0,0,
H5,0,0,0,0,0,0,0,0,0,0,0,0,0,0,0,
H6,0,1,1,7,0,0,0,0,0,0,0,0,0,0,0,

H1,0,0,0,0,0,0,0,0,0,0,0,0,0,0,0,
H2,0,0,0,0,0,0,0,0,0,0,0,0,0,0,0,
H3,0,0,0,0,0,0,0,0,0,0,0,0,0,0,0,
H4,0,0,0,0,0,0,0,0,0,0,0,0,0,0,0,
H5,0,0,0,0,3,0,0,0,0,0,0,0,0,0,0,
H6,0,46,4,6,0,0,0,0,0,0,0,0,0,0,0,

H1,0,0,0,0,0,0,0,0,0,0,0,0,0,0,0,
H2,0,0,0,0,0,0,0,0,0,0,0,0,0,0,0,
H3,0,0,0,0,0,0,0,0,0,0,0,0,0,0,0,
H4,0,0,0,0,0,0,0,0,0,0,0,0,0,0,0,
H5,0,0,0,0,1,0,0,0,0,0,0,0,0,0,0,
H6,5,251,22,31,0,0,0,0,0,0,0,0,0,0,0,

H1,182,0,0,0,0,0,0,0,0,0,0,0,0,0,0,
H2,0,0,0,0,0,0,0,0,0,0,0,0,0,0,0,
H3,0,0,0,9,0,0,0,0,0,0,0,0,0,0,0,
H4,0,0,0,0,0,0,0,0,0,0,0,0,0,0,0,
H5,0,0,2,0,1,0,0,0,0,0,0,0,0,0,0,
H6,201,938,74,56,5,3,0,0,0,0,0,0,0,0,0,

H1,1566,0,2,0,0,0,0,0,0,0,0,0,0,0,0,
H2,414,9,2,0,0,0,0,0,0,0,0,0,0,0,0,
H3,1514,219,97,38,1,2,2,0,0,0,0,0,0,0,0,
H4,105,0,0,0,0,0,0,0,0,0,0,0,0,0,0,
H5,519,2,22,3,11,3,1,0,0,0,0,0,0,0,0,
H6,981,3682,277,125,17,3,1,0,0,0,0,0,0,0,0,

H1,5992,14,6,0,0,1,0,0,0,0,0,0,0,0,0,
H2,1864,46,11,4,0,0,0,0,0,0,0,0,0,0,0,
H3,11863,1881,1141,244,31,7,4,0,1,1,0,0,0,0,0,
H4,786,7,5,0,0,0,0,0,0,0,0,0,0,0,0,
H5,3990,34,117,15,16,6,2,0,1,0,0,0,0,0,0,
H6,4721,8464,1016,306,56,24,15,2,2,0,0,0,0,0,0,

H1,18015,219,44,39,6,1,1,0,0,0,0,0,0,0,0,
H2,7804,336,79,28,8,1,1,0,0,0,0,0,0,0,0,
H3,45353,6830,4082,783,116,15,1,0,1,0,0,0,0,0,0,
H4,3422,109,42,14,3,0,1,0,0,0,0,0,0,0,0,
H5,16105,1060,960,123,60,26,5,2,1,0,0,0,0,0,0,
H6,16577,17851,3164,876,143,60,11,2,2,0,0,0,0,0,0,

H1,52919,731,176,137,19,12,0,0,2,0,0,0,0,0,0,
H2,28003,1604,518,142,58,6,4,1,0,0,0,0,0,0,0,
H3,133313,23516,11946,1873,294,44,16,1,0,0,0,0,0,0,0,
H4,12360,506,178,55,21,2,2,0,0,0,0,0,0,0,0,
H5,48871,6628,3693,482,286,100,17,2,10,1,0,0,0,0,0,
H6,48980,51311,7176,2352,404,115,39,22,2,2,0,0,0,0,0,

H1,126587,3189,658,708,90,55,7,1,0,0,0,0,0,0,0,
H2,76736,7817,2188,681,316,74,26,6,2,0,0,0,0,0,0,
H3,334801,64516,32211,4214,966,138,37,6,1,1,0,0,0,0,0,
H4,36810,3729,980,239,125,13,7,0,1,1,0,0,0,0,0,
H5,114890,19594,9725,1473,715,172,57,22,39,0,0,0,0,0,0,
H6,129195,139760,17690,6002,1123,346,56,27,4,0,0,0,0,0,0,

H1,306637,13085,2845,1901,315,103,17,3,2,0,1,0,0,0,0,
H2,200232,32010,8026,2407,1341,269,46,18,5,0,0,0,0,0,0,
H3,702424,156794,71842,8040,2233,306,103,22,4,1,0,0,0,0,0,
H4,93393,11517,4154,835,449,99,14,4,0,0,0,0,0,0,0,
H5,239756,65838,29631,5143,1351,448,161,46,20,1,0,0,1,0,0,
H6,320726,354152,42948,15323,3388,879,188,60,3,9,0,0,0,0,0,

H1,799243,42382,8793,7104,1154,289,89,10,3,2,0,0,0,0,0,
H2,523348,93462,25344,7624,3643,809,160,37,15,0,0,1,0,0,0,
H3,1529930,403042,176684,18363,4446,792,196,42,13,0,0,0,0,0,0,
H4,235111,29072,12919,4657,1197,244,68,19,1,0,0,0,0,0,0,
H5,575526,191770,83794,12496,3665,1027,425,91,47,7,1,0,0,0,0,
H6,784734,728322,118526,37476,11316,2555,466,125,31,4,0,0,0,0,0,

H1,1956861,131951,32535,35442,6343,1368,246,37,7,4,0,0,0,0,0,
H2,1343390,279803,76981,24639,10368,2618,424,101,33,1,0,0,0,0,0,
H3,3275638,854047,370161,36693,8994,2228,581,174,43,4,1,0,0,0,0,
H4,629953,96201,38249,12634,4429,1000,368,54,5,0,1,0,0,0,0,
H5,1564442,507875,204047,30562,8048,2320,833,182,53,5,2,0,1,0,0,
H6,2011054,1656587,292811,70812,25755,6145,985,210,47,9,0,0,0,0,0,

H1,4765384,302912,85043,85244,15598,2840,658,142,30,9,0,0,0,0,0,
H2,3771852,850567,199647,63887,24299,5939,811,200,55,7,4,0,0,0,0,
H3,8112758,2188508,915113,84828,19651,5606,1535,368,77,2,2,0,0,0,0,
H4,1971211,274458,113064,38016,14143,2236,944,104,33,1,3,1,0,0,0,
H5,4738509,1597734,642687,104112,21258,5901,1741,547,112,15,3,1,1,0,0,
H6,5061705,3102789,530831,139532,59956,13725,2013,516,144,28,4,0,0,0,0,

H1,11030738,1080063,242614,205882,31021,6023,1363,217,51,16,3,0,0,0,0,
H2,9854629,2085442,458762,158836,59362,14771,2171,552,111,14,5,0,0,0,0,
H3,19869754,4635935,2245500,184227,48208,14589,3796,1000,137,26,2,0,0,0,0,
H4,6557046,1190821,405583,187690,33144,7739,1796,389,58,12,3,0,0,0,0,
H5,13283665,3774181,1316886,206732,47734,12706,3974,1303,197,34,13,5,0,0,0,
H6,13051473,6889042,1125815,278536,116945,18083,3862,1134,256,53,8,1,0,0,0,

H1,27741564,2933378,695216,466886,77491,16430,3086,455,107,25,4,1,0,0,0,
H2,27156668,5318624,1499508,453936,152461,36735,5232,1143,262,53,6,4,0,0,0,
H3,48093821,11507518,3545677,392554,100272,29850,7467,1818,303,53,20,5,1,0,0,
H4,20990203,3253458,1250783,734076,87921,18350,5008,1001,141,50,8,3,2,0,0,
H5,33090246,8661315,2490490,545281,89455,27410,7216,1878,327,64,8,2,0,1,0,
H6,30573325,8334974,1701779,542958,234634,33840,7977,1893,484,85,17,4,0,0,0,



EGS_FREE_GAME_1,0,1,2,3,4,5,6,7,8,9,10,11,12,13,14,
Spins,61925696,25163685,5914723,1381709,375684,132874,52429,19652,7534,2806,977,338,124,37,10,
H1,0,0,0,0,0,0,0,0,0,0,0,0,0,0,0,
H2,0,0,0,0,0,0,0,0,0,0,0,0,0,0,0,
H3,0,0,0,0,0,0,0,0,0,0,0,0,0,0,0,
H4,0,0,0,0,0,0,0,0,0,0,0,0,0,0,0,
H5,0,0,0,0,0,0,0,0,0,0,0,0,0,0,0,
H6,0,0,0,0,0,0,0,0,0,0,0,0,0,0,0,

H1,0,0,0,0,0,0,0,0,0,0,0,0,0,0,0,
H2,0,0,0,0,0,0,0,0,0,0,0,0,0,0,0,
H3,0,0,0,0,0,0,0,0,0,0,0,0,0,0,0,
H4,0,0,0,0,0,0,0,0,0,0,0,0,0,0,0,
H5,0,0,0,0,0,0,0,0,0,0,0,0,0,0,0,
H6,0,0,0,0,0,0,0,0,0,0,0,0,0,0,0,

H1,0,0,0,0,0,0,0,0,0,0,0,0,0,0,0,
H2,0,0,0,0,0,0,0,0,0,0,0,0,0,0,0,
H3,0,0,0,0,0,0,0,0,0,0,0,0,0,0,0,
H4,0,0,0,0,0,0,0,0,0,0,0,0,0,0,0,
H5,0,0,0,0,0,0,0,0,0,0,0,0,0,0,0,
H6,0,0,0,0,0,0,0,0,0,0,0,0,0,0,0,

H1,0,0,0,0,0,0,0,0,0,0,0,0,0,0,0,
H2,0,0,0,0,0,0,0,0,0,0,0,0,0,0,0,
H3,0,0,0,0,0,0,0,0,0,0,0,0,0,0,0,
H4,0,0,0,0,0,0,0,0,0,0,0,0,0,0,0,
H5,0,0,0,0,0,0,0,0,0,0,0,0,0,0,0,
H6,0,0,0,0,0,0,0,0,0,0,0,0,0,0,0,

H1,0,0,0,0,0,0,0,0,0,0,0,0,0,0,0,
H2,0,0,0,0,0,0,0,0,0,0,0,0,0,0,0,
H3,0,0,0,0,0,0,0,0,0,0,0,0,0,0,0,
H4,0,0,0,0,0,0,0,0,0,0,0,0,0,0,0,
H5,0,0,0,0,0,0,0,0,0,0,0,0,0,0,0,
H6,0,0,0,0,0,0,0,0,0,0,0,0,0,0,0,

H1,0,0,0,0,0,0,0,0,0,0,0,0,0,0,0,
H2,0,0,0,0,0,0,0,0,0,0,0,0,0,0,0,
H3,0,0,0,0,0,0,0,0,0,0,0,0,0,0,0,
H4,0,0,0,0,0,0,0,0,0,0,0,0,0,0,0,
H5,0,0,0,0,0,0,0,0,0,0,0,0,0,0,0,
H6,0,0,0,0,0,0,0,0,0,0,0,0,0,0,0,

H1,0,0,0,0,0,0,0,0,0,0,0,0,0,0,0,
H2,0,0,0,0,0,0,0,0,0,0,0,0,0,0,0,
H3,0,0,0,0,0,0,0,0,0,0,0,0,0,0,0,
H4,0,0,0,0,0,0,0,0,0,0,0,0,0,0,0,
H5,0,0,0,0,0,0,0,0,0,0,0,0,0,0,0,
H6,0,0,0,0,0,0,0,0,0,0,0,0,0,0,0,

H1,0,0,0,0,0,0,0,0,0,0,0,0,0,0,0,
H2,0,0,0,0,0,0,0,0,0,0,0,0,0,0,0,
H3,0,0,0,0,0,0,0,0,0,0,0,0,0,0,0,
H4,0,0,0,0,0,0,0,0,0,0,0,0,0,0,0,
H5,0,0,0,0,0,0,0,0,0,0,0,0,0,0,0,
H6,0,0,0,0,0,0,0,0,0,0,0,0,0,0,0,

H1,0,0,0,0,0,0,0,0,0,0,0,0,0,0,0,
H2,0,0,0,0,0,0,0,0,0,0,0,0,0,0,0,
H3,0,0,0,0,0,0,0,0,0,0,0,0,0,0,0,
H4,0,0,0,0,0,0,0,0,0,0,0,0,0,0,0,
H5,0,0,0,0,0,0,0,0,0,0,0,0,0,0,0,
H6,0,0,0,0,0,0,0,0,0,0,0,0,0,0,0,

H1,0,0,0,0,0,0,0,0,0,0,0,0,0,0,0,
H2,0,0,0,0,0,0,0,0,0,0,0,0,0,0,0,
H3,0,0,0,0,0,0,0,0,0,0,0,0,0,0,0,
H4,0,0,0,0,0,0,0,0,0,0,0,0,0,0,0,
H5,0,0,0,0,0,0,0,0,0,0,0,0,0,0,0,
H6,0,0,0,0,0,0,0,0,0,0,0,0,0,0,0,

H1,0,0,0,0,0,0,0,0,0,0,0,0,0,0,0,
H2,0,0,0,0,0,0,0,0,0,0,0,0,0,0,0,
H3,0,0,0,0,0,0,0,0,0,0,0,0,0,0,0,
H4,0,0,0,0,0,0,0,0,0,0,0,0,0,0,0,
H5,0,0,0,0,0,0,0,0,0,0,0,0,0,0,0,
H6,0,0,0,0,0,0,0,0,0,0,0,0,0,0,0,

H1,0,0,0,0,0,0,0,0,0,0,0,0,0,0,0,
H2,0,0,0,0,0,0,0,0,0,0,0,0,0,0,0,
H3,0,0,0,0,0,0,0,0,0,0,0,0,0,0,0,
H4,0,0,0,0,0,0,0,0,0,0,0,0,0,0,0,
H5,0,0,0,0,0,0,0,0,0,0,0,0,0,0,0,
H6,0,0,0,0,0,0,0,0,0,0,0,0,0,0,0,

H1,0,0,0,0,0,0,0,0,0,0,0,0,0,0,0,
H2,0,0,0,0,0,0,0,0,0,0,0,0,0,0,0,
H3,0,0,0,0,0,0,0,0,0,0,0,0,0,0,0,
H4,0,0,0,0,0,0,0,0,0,0,0,0,0,0,0,
H5,0,0,0,0,0,0,0,0,0,0,0,0,0,0,0,
H6,0,0,0,0,0,0,0,0,0,0,0,0,0,0,0,

H1,0,0,0,0,0,0,0,0,0,0,0,0,0,0,0,
H2,0,0,0,0,0,0,0,0,0,0,0,0,0,0,0,
H3,0,0,0,0,0,0,0,0,0,0,0,0,0,0,0,
H4,0,0,0,0,0,0,0,0,0,0,0,0,0,0,0,
H5,0,0,0,0,0,0,0,0,0,0,0,0,0,0,0,
H6,0,0,0,0,0,0,0,0,0,0,0,0,0,0,0,

H1,0,0,0,0,0,0,0,0,0,0,0,0,0,0,0,
H2,0,0,0,0,0,0,0,0,0,0,0,0,0,0,0,
H3,0,0,0,0,0,0,0,0,0,0,0,0,0,0,0,
H4,0,0,0,0,0,0,0,0,0,0,0,0,0,0,0,
H5,0,0,0,0,0,0,0,0,0,0,0,0,0,0,0,
H6,0,0,0,0,0,0,0,0,0,0,0,0,0,0,0,

H1,0,0,0,0,0,0,0,0,0,0,0,0,0,0,0,
H2,0,0,0,0,0,0,0,0,0,0,0,0,0,0,0,
H3,0,0,0,0,0,0,0,0,0,0,0,0,0,0,0,
H4,0,0,0,0,0,0,0,0,0,0,0,0,0,0,0,
H5,0,0,0,0,0,0,0,0,0,0,0,0,0,0,0,
H6,0,0,0,0,0,0,0,0,0,0,0,0,0,0,0,

H1,0,0,0,0,0,0,0,0,0,0,0,0,0,0,0,
H2,0,0,0,0,0,0,0,0,0,0,0,0,0,0,0,
H3,0,0,0,0,0,0,0,0,0,0,0,0,0,0,0,
H4,0,0,0,0,0,0,0,0,0,0,0,0,0,0,0,
H5,0,0,0,0,0,0,0,0,0,0,0,0,0,0,0,
H6,0,0,0,0,0,0,0,0,0,0,0,0,0,0,0,

H1,0,0,0,0,0,0,0,0,0,0,0,0,0,0,0,
H2,0,0,0,0,0,0,0,0,0,0,0,0,0,0,0,
H3,0,0,0,0,0,0,0,0,0,0,0,0,0,0,0,
H4,0,0,0,0,0,0,0,0,0,0,0,0,0,0,0,
H5,0,0,0,0,0,0,0,0,0,0,0,0,0,0,0,
H6,0,0,0,0,0,0,0,0,0,0,0,0,0,0,0,

H1,1,1,0,0,0,0,0,0,0,0,0,0,0,0,0,
H2,0,0,0,0,0,0,0,0,0,0,0,0,0,0,0,
H3,0,0,0,0,0,0,0,0,0,0,0,0,0,0,0,
H4,0,0,0,0,0,0,0,0,0,0,0,0,0,0,0,
H5,0,0,0,0,0,0,0,0,0,0,0,0,0,0,0,
H6,0,0,0,0,0,0,0,0,0,0,0,0,0,0,0,

H1,20,0,0,0,0,0,0,0,0,0,0,0,0,0,0,
H2,2,0,0,0,0,0,0,0,0,0,0,0,0,0,0,
H3,21,0,1,1,2,0,0,0,0,0,0,0,0,0,0,
H4,0,0,0,1,0,0,0,0,0,0,0,0,0,0,0,
H5,90,0,0,0,0,1,0,0,0,0,0,0,0,0,0,
H6,0,0,2,1,0,0,0,0,0,0,0,0,0,0,0,

H1,60,0,0,3,0,1,0,0,0,0,0,0,0,0,0,
H2,28,1,0,0,0,0,0,0,0,0,0,0,0,0,0,
H3,222,15,3,1,4,3,2,0,0,0,0,0,0,0,0,
H4,20,5,1,2,3,0,0,0,0,0,0,0,0,0,0,
H5,984,9,0,0,8,1,1,1,0,0,0,0,0,0,0,
H6,188,0,2,5,5,2,2,0,0,0,0,0,0,0,0,

H1,119,8,1,4,0,2,0,0,0,0,0,0,0,0,0,
H2,98,5,0,0,1,2,0,0,0,0,0,0,0,0,0,
H3,1042,103,19,17,25,13,3,0,0,0,0,0,0,0,0,
H4,285,82,20,8,5,3,1,0,0,0,0,0,0,0,0,
H5,4905,115,4,15,18,19,1,1,0,0,0,0,0,0,0,
H6,1647,13,27,31,16,2,3,1,1,0,0,0,0,0,0,

H1,251,34,14,15,9,4,1,0,1,0,0,0,0,0,0,
H2,188,13,6,6,4,3,0,0,0,0,0,0,0,0,0,
H3,3307,408,80,32,57,20,4,0,2,0,0,0,0,0,0,
H4,1403,375,101,40,15,11,1,1,0,0,0,0,0,0,0,
H5,17300,638,21,34,51,41,5,6,1,0,0,0,0,0,0,
H6,7464,178,169,103,71,26,13,2,1,0,0,0,0,0,0,

H1,534,138,61,49,25,4,2,0,1,1,1,0,0,0,0,
H2,300,39,26,19,7,9,1,0,0,0,0,0,0,0,0,
H3,10077,1341,280,110,86,48,16,2,1,0,0,1,0,0,0,
H4,3679,1066,271,108,27,17,7,3,0,0,0,0,0,0,0,
H5,46369,3001,158,78,124,91,22,4,5,1,0,0,0,0,0,
H6,23962,838,743,271,161,104,43,9,1,0,1,0,0,0,0,

H1,1547,456,261,159,63,17,5,3,2,2,1,0,0,0,0,
H2,659,123,74,46,42,14,4,5,0,0,0,0,0,0,0,
H3,28066,4661,822,205,166,104,21,6,3,0,0,0,0,0,0,
H4,8674,2976,786,304,90,40,9,1,0,0,1,0,0,0,0,
H5,103843,9664,691,365,349,240,64,33,14,2,1,0,0,0,0,
H6,56963,2895,2251,693,430,183,51,15,6,0,0,0,0,0,0,

H1,3770,1472,795,405,198,41,15,7,4,1,1,0,0,0,0,
H2,2312,553,283,224,174,60,20,5,2,0,0,0,1,0,0,
H3,69939,12635,2238,512,446,165,78,24,5,5,0,0,0,0,0,
H4,23763,7703,2173,763,211,101,15,1,2,2,0,0,1,0,0,
H5,203499,28294,2550,1104,731,337,154,61,18,7,5,3,1,1,0,
H6,115396,8548,5570,1425,811,317,145,10,5,1,0,0,0,0,0,

H1,16191,5040,2168,1065,531,154,35,13,4,4,1,0,0,0,0,
H2,10296,2437,1049,721,421,197,60,20,2,1,0,1,0,0,0,
H3,149753,31867,5176,1123,611,268,137,41,13,9,5,4,0,0,0,
H4,62580,19696,5373,1629,488,235,38,11,3,6,4,0,0,0,0,
H5,373886,68650,6966,2773,1392,897,300,84,32,15,5,5,0,0,0,
H6,213922,20927,11538,2531,1255,501,217,59,33,9,2,0,0,0,0,

H1,95948,17499,5553,2520,1285,435,86,27,18,10,9,1,0,0,0,
H2,41965,8615,3500,2084,1248,587,234,96,8,3,0,0,0,0,0,
H3,328153,64704,11925,2325,1064,561,246,91,37,19,7,3,0,0,0,
H4,137961,44201,12236,3100,1168,436,112,32,6,10,4,1,0,0,0,
H5,675339,139496,17229,5761,2724,1477,574,273,68,20,8,4,1,0,0,
H6,380693,46182,21604,4623,1754,831,236,64,15,10,2,0,0,0,0,

H1,282698,53291,17877,6262,2527,855,233,106,41,29,3,1,0,0,0,
H2,143227,24093,9213,5966,3371,1513,526,191,24,16,4,2,1,0,0,
H3,686706,161233,29790,5852,2392,1100,606,184,108,35,11,5,1,0,0,
H4,300681,106823,32280,8380,2408,843,199,75,32,15,6,2,1,0,0,
H5,1190341,250573,34466,11674,5110,2237,1084,376,114,33,11,4,2,1,0,
H6,787590,98753,36122,7919,3145,1723,543,124,30,2,1,0,2,0,0,

H1,696931,179190,52179,16869,5105,1619,573,277,147,59,7,2,2,1,0,
H2,471482,73245,25335,14987,6941,2430,822,268,58,21,2,4,0,0,0,
H3,1281391,323438,63587,12946,5934,2669,1074,390,205,53,19,2,1,1,0,
H4,778310,282827,76091,17167,5107,1869,440,170,82,36,13,4,1,1,0,
H5,2121580,449214,67775,22868,9638,3921,1935,1286,391,85,32,8,4,0,0,
H6,1613280,222510,71986,16833,5610,2422,721,248,66,19,8,7,3,0,0,

H1,1968728,620769,165504,44136,11348,3359,1526,756,372,132,45,8,2,2,0,
H2,2199171,305556,100343,40525,14364,4521,1564,391,197,44,18,5,0,0,0,
H3,2542108,623940,119738,24914,9601,3703,1888,715,354,127,24,10,0,1,0,
H4,1491260,556992,138992,33924,10997,3486,1128,416,172,65,28,16,8,0,0,
H5,3663596,882164,138720,45059,16719,7130,2755,993,362,156,73,30,10,2,0,
H6,3074190,510317,172923,39201,11891,4459,1377,481,133,81,22,4,0,0,0,



